t,sandLine
v,-128,94,5,24
v,-124,93,5,24
t,grassTop
v,-128,60,3,8
t,tomceji
v,-128,89,5,27
v,-128,60,3,8
v,-128,106,0,3
v,-122,94,5,24
v,-128,94,5,25
v,-128,93,5,25
v,-122,93,5,24
t,mountain
v,-126,38,4,5
v,-127,38,4,6
v,96,38,4,3
v,-100,38,4,4
v,-124,21,1,3
v,-125,21,1,2
v,64,15,5,6
v,96,38,6,7
v,-97,38,6,6
v,0,38,9,0
v,64,5,9,1
v,-68,5,9,0
v,127,2,7,1
v,-68,15,5,7
v,0,36,3,0
v,-32,36,3,1
v,0,46,6,4
v,-114,46,6,1
v,-127,46,6,0
v,-127,36,3,3
v,-32,46,6,3
v,-112,46,6,2
v,-97,36,3,2
v,-64,10,5,3
v,0,10,5,2
v,-121,42,6,2
v,-120,42,6,3
v,112,31,4,7
v,-127,42,4,3
v,-122,42,4,2
v,-96,42,6,5
v,-112,42,6,4
v,-104,42,4,1
v,-80,10,5,4
v,96,42,4,0
v,-113,10,5,5
v,64,42,6,6
v,-114,13,4,3
v,-80,13,4,2
v,-127,13,4,4
v,0,10,9,5
v,-64,10,9,4
v,-125,10,9,1
v,-80,10,9,3
v,-116,10,9,2
v,-125,10,7,7
v,-125,33,8,3
v,64,13,4,1
v,-96,33,8,6
v,64,33,8,7
v,-124,33,8,4
v,-104,33,8,5
v,124,43,7,1
v,-2,12,8,7
v,-125,43,7,0
v,64,37,7,7
v,64,11,5,3
v,-96,11,5,4
v,-113,37,7,5
v,-104,11,5,5
v,-65,50,5,0
v,-72,37,7,6
v,-121,11,5,6
v,-127,12,8,6
v,127,3,7,2
v,-127,11,7,7
v,-80,17,4,4
v,-125,34,8,2
v,-116,17,4,5
v,64,17,4,3
v,-80,34,8,5
v,-127,21,8,7
v,-64,34,8,6
v,-124,34,8,3
v,-116,34,8,4
v,0,34,8,7
v,-126,17,4,6
v,-127,17,4,7
v,0,17,2,0
v,0,12,4,0
v,-100,12,4,2
v,-32,12,4,1
v,124,12,6,7
v,0,32,9,2
v,-32,32,9,1
v,-104,32,9,0
v,-116,27,9,1
v,-125,27,9,0
v,64,27,9,4
v,-96,27,9,3
v,-112,27,9,2
v,-125,12,4,3
v,64,25,2,2
v,-121,25,2,1
v,-120,25,2,0
v,-124,27,2,1
v,-126,27,2,2
v,-127,27,2,3
v,-116,27,0,0
v,-125,27,0,1
v,-120,27,2,0
v,-127,12,0,0
v,-16,25,0,0
v,-97,9,5,4
v,64,9,5,2
v,-120,25,0,1
v,-96,9,5,3
v,-121,25,0,2
v,-64,23,3,1
v,0,23,3,0
v,96,4,8,2
v,-104,4,8,1
v,-120,23,3,3
v,-121,4,8,0
v,-80,23,3,2
v,-122,23,3,4
v,0,4,6,0
v,-127,23,3,5
v,-64,4,6,1
v,-80,4,6,2
v,-113,4,6,3
v,-96,20,4,5
v,64,20,4,4
v,127,1,7,0
v,-96,21,3,1
v,-64,21,3,0
v,-104,20,4,6
v,-122,21,3,3
v,-122,20,4,7
v,-104,21,3,2
v,-127,21,3,4
v,0,7,5,0
v,64,7,5,1
v,-65,7,5,2
v,-120,31,2,0
v,-124,31,2,1
v,-126,31,2,2
v,-127,31,2,3
v,-32,6,8,3
v,-64,22,0,0
v,-98,6,8,2
v,-96,22,0,1
v,-112,22,0,2
v,0,6,8,4
v,-114,22,0,3
v,-127,8,6,7
v,-127,6,8,1
v,-126,8,6,6
v,-124,8,6,5
v,96,37,5,7
v,-72,8,6,4
v,96,8,6,3
v,64,6,6,1
v,-8,8,8,4
v,-32,6,6,2
v,0,8,8,5
v,-112,6,6,3
v,-121,8,8,3
v,96,19,9,7
v,-116,6,6,4
v,-125,6,6,5
v,-120,26,3,4
v,-16,26,3,3
v,0,26,3,2
v,-127,26,3,6
v,-122,26,3,5
v,-127,8,4,1
v,-122,8,4,0
v,0,45,5,1
v,0,37,9,0
v,-120,45,5,3
v,-16,45,5,2
v,-125,45,5,5
v,-124,45,5,4
v,64,14,1,2
v,-120,14,1,0
v,-80,14,1,1
v,-127,9,7,6
v,96,35,8,5
v,-32,39,8,2
v,126,9,7,7
v,-104,35,8,4
v,0,39,8,3
v,-124,35,8,3
v,-126,35,8,2
v,-127,35,8,1
v,-125,39,8,0
v,0,35,8,6
v,-100,39,8,1
v,-97,39,6,5
v,0,39,6,7
v,-32,39,6,6
v,-125,37,4,6
v,-116,37,4,5
v,-16,37,4,4
v,-113,34,3,4
v,0,37,4,3
v,-80,18,3,0
v,-116,18,3,1
v,0,14,10,2
v,-96,14,10,0
v,-125,18,3,2
v,-64,14,10,1
v,0,34,3,1
v,-112,34,3,3
v,-32,34,3,2
v,-125,23,9,2
v,-116,23,9,3
v,-80,23,9,4
v,-64,23,9,5
v,-127,28,3,7
v,64,19,2,0
v,-127,33,2,1
v,-1,5,5,0
v,-120,33,4,7
v,-120,18,0,1
v,-114,33,2,0
v,-128,5,5,1
v,96,28,3,4
v,-80,33,4,6
v,-124,18,0,2
v,-100,28,3,5
v,64,33,4,5
v,-126,18,0,3
v,-126,28,3,6
v,0,23,9,6
v,-127,13,0,1
v,-126,13,0,0
v,0,18,2,0
v,-120,28,9,1
v,-64,19,4,4
v,-112,28,9,2
v,-80,19,4,5
v,-32,28,9,3
v,-116,19,4,6
v,-112,18,0,0
v,0,28,9,4
v,-125,19,4,7
v,0,19,4,3
v,-122,28,9,0
v,-113,36,7,6
v,-97,39,5,7
v,-16,36,7,7
v,64,39,5,5
v,-32,39,5,6
v,120,7,7,6
v,-124,24,3,4
v,-104,24,3,3
v,-121,7,7,5
v,-127,24,3,6
v,-126,24,3,5
v,64,24,3,1
v,-96,24,3,2
v,64,9,10,0
v,-113,9,8,4
v,0,9,8,6
v,-16,9,8,5
v,-80,40,6,5
v,-113,40,6,4
v,-127,14,8,7
v,-126,16,0,2
v,-124,16,0,1
v,-120,16,0,0
v,-125,40,4,4
v,-127,16,0,3
v,-116,19,9,5
v,64,40,6,6
v,0,40,4,1
v,-80,19,9,6
v,-127,19,9,3
v,-16,40,4,2
v,-116,40,4,3
v,-126,19,9,4
v,-100,23,0,2
v,-124,15,3,0
v,-96,23,0,1
v,-64,23,0,0
v,-120,43,6,3
v,-80,43,6,4
v,64,43,6,5
v,0,15,1,3
v,-126,23,0,3
v,0,16,4,2
v,-65,49,5,1
v,-64,49,5,0
v,-104,16,4,4
v,-32,16,4,3
v,-125,16,4,6
v,-124,16,4,5
v,-127,30,8,3
v,-126,30,8,4
v,-124,30,8,5
v,-120,30,8,6
v,-80,30,8,7
v,-32,15,1,2
v,-72,11,4,1
v,-112,14,4,3
v,-127,23,2,0
v,-104,15,1,1
v,-113,14,4,4
v,-64,11,4,0
v,-124,15,1,0
v,0,14,4,1
v,-124,43,6,2
v,-127,11,4,3
v,-125,13,8,7
v,-125,43,6,1
v,-32,14,4,2
v,-122,11,4,2
v,-32,23,2,1
v,0,23,2,2
v,-125,15,3,1
v,-104,48,6,1
v,-124,48,6,0
v,96,48,6,2
v,0,27,4,7
v,78,26,1,3
v,-121,41,7,2
v,120,41,7,3
v,-121,11,9,2
v,-127,26,1,2
v,-96,19,10,0
v,64,11,9,5
v,-96,11,9,4
v,-104,11,9,3
v,0,19,10,2
v,-64,19,10,1
v,-124,44,6,2
v,-104,44,6,3
v,-32,44,6,4
v,0,44,6,5
v,-127,18,9,3
v,80,18,9,7
v,-104,18,9,6
v,-124,18,9,5
v,-126,18,9,4
v,-125,41,3,0
v,-126,44,6,1
v,-127,44,6,0
v,-32,23,10,0
v,0,23,10,1
v,0,21,4,4
v,-116,21,4,7
v,-112,21,4,6
v,-32,21,4,5
v,-16,30,1,1
v,14,30,1,0
v,96,1,8,0
v,-96,29,9,2
v,64,29,9,3
v,-124,29,9,0
v,-104,29,9,1
v,-127,20,1,1
v,-126,20,1,2
v,-124,20,1,3
v,0,26,9,5
v,-96,26,9,3
v,-64,26,9,4
v,-120,29,2,0
v,-125,22,3,4
v,-116,22,3,3
v,-112,22,3,2
v,-126,29,2,2
v,-32,22,3,1
v,-124,29,2,1
v,-122,26,9,1
v,-16,3,6,1
v,0,22,3,0
v,-127,29,2,3
v,-113,3,6,2
v,-104,26,9,2
v,-127,29,0,0
v,-127,26,9,0
v,0,3,6,0
v,64,25,4,7
v,124,28,1,2
v,-125,28,1,1
v,-128,0,0,0
v,-126,39,3,1
v,-127,39,3,2
v,-124,39,3,0
v,0,36,5,7
v,-120,7,9,1
v,-122,7,9,0
v,64,36,9,0
v,112,7,9,2
v,-114,25,8,7
v,-127,25,8,6
v,-127,5,7,3
v,3,24,1,3
v,126,5,7,4
v,-127,24,9,1
v,-122,24,9,2
v,-104,24,9,3
v,-32,24,9,4
v,0,24,9,5
v,-96,22,10,0
v,-96,16,10,0
v,-64,16,10,1
v,0,16,10,2
v,64,22,10,1
v,0,17,5,7
v,-64,10,10,0
v,0,10,10,1
v,96,17,9,7
v,0,20,9,7
v,-32,20,9,6
v,-124,17,9,5
v,-104,17,9,6
v,-104,20,9,5
v,-122,20,9,4
v,-127,17,9,3
v,-126,17,9,4
v,-127,20,9,3
v,-124,44,4,1
v,-104,44,4,0
v,64,13,9,6
v,-96,13,9,5
v,-125,44,4,2
v,-100,13,9,4
v,-121,32,2,1
v,-127,32,2,2
v,-126,13,9,3
v,-127,13,9,2
v,-120,32,2,0
v,-113,41,5,6
v,0,41,5,4
v,-16,41,5,5
v,120,42,7,2
v,-121,42,7,1
v,-113,47,5,3
v,-112,47,5,2
v,-96,47,5,1
v,64,47,5,0
v,-128,47,5,4
v,64,35,4,4
v,-125,20,3,3
v,-96,35,4,5
v,-116,20,3,2
v,-125,35,2,0
v,-100,35,4,6
v,-80,20,3,1
v,-125,35,4,7
v,-64,20,3,0
v,-125,30,3,7
v,-100,30,3,6
v,-96,30,3,5
v,64,30,3,4
v,0,37,8,4
v,-104,21,0,2
v,-96,21,0,1
v,-116,21,0,3
v,-64,21,0,0
v,-8,37,8,3
v,-124,37,8,2
v,-125,37,8,1
v,0,8,5,1
v,0,38,8,4
v,-32,8,5,2
v,-64,38,8,3
v,-65,8,5,3
v,-72,38,8,2
v,-122,38,8,1
v,-127,38,8,0
v,-65,37,6,7
v,-112,46,5,2
v,96,46,5,1
v,-121,46,5,4
v,-120,46,5,3
v,-124,6,9,0
v,-8,6,9,1
v,64,21,9,6
v,0,6,9,2
v,0,34,9,2
v,-116,21,9,4
v,-80,21,9,5
v,-127,21,9,2
v,-96,34,9,0
v,-126,21,9,3
v,-64,34,9,1
v,-126,19,0,3
v,-124,19,0,2
v,-120,19,0,1
v,-112,19,0,0
v,-126,34,2,0
v,-127,34,2,1
v,-126,32,8,4
v,112,10,6,5
v,-72,10,4,0
v,-127,32,8,3
v,-116,10,6,6
v,-64,32,8,7
v,-116,10,4,1
v,-80,32,8,6
v,-125,10,6,7
v,-125,10,4,2
v,-116,32,8,5
v,-127,25,1,2
v,-8,31,1,0
v,2,25,1,3
v,96,32,4,6
v,-104,32,4,7
v,-112,13,1,0
v,-8,27,1,3
v,-125,9,4,1
v,7,27,1,2
v,96,13,1,1
v,-100,9,4,0
v,-112,34,4,6
v,-32,34,4,5
v,0,34,4,4
v,-127,13,3,0
v,-114,34,4,7
v,-122,15,0,1
v,96,9,6,4
v,-120,15,0,0
v,-127,15,0,2
v,-97,10,8,5
v,96,10,8,6
v,-127,9,6,7
v,-122,9,6,6
v,-104,9,6,5
v,-113,2,6,1
v,112,2,6,0
v,-80,5,8,2
v,-113,5,8,1
v,64,5,8,3
v,-72,23,4,7
v,64,43,8,0
v,64,23,4,6
v,120,11,6,6
v,-122,11,6,7
v,0,12,9,6
v,64,38,5,6
v,64,11,8,7
v,-65,11,8,6
v,-65,38,5,7
v,-127,12,9,2
v,-114,12,9,3
v,-112,12,9,4
v,-32,12,9,5
v,-128,5,0,0
v,-80,2,8,0
v,64,2,8,1
v,-122,17,3,1
v,-127,17,3,2
v,-104,17,3,0
v,-80,40,8,1
v,-121,45,4,1
v,-114,40,8,0
v,-116,45,4,0
v,64,40,8,2
v,-32,17,1,3
v,-112,17,1,2
v,-113,17,1,1
v,-121,42,5,6
v,-120,42,5,5
v,-112,12,5,5
v,96,12,5,4
v,-125,12,5,7
v,-116,12,5,6
v,-112,27,8,7
v,-116,27,8,6
v,-125,27,8,5
v,-128,42,5,0
v,112,42,5,4
v,96,12,1,0
v,-125,6,7,4
v,124,6,7,5
v,-116,3,8,0
v,-16,3,8,1
v,0,3,8,2
v,112,8,7,7
v,-113,8,7,6
v,-128,8,7,5
v,-127,26,8,5
v,-120,26,8,7
v,-122,26,8,6
v,-120,26,2,0
v,-124,26,2,1
v,0,26,4,7
v,-122,26,0,1
v,-120,26,0,0
v,-127,26,0,2
v,-127,22,9,2
v,120,50,6,0
v,-96,21,2,0
v,0,22,9,6
v,-32,22,9,5
v,0,21,2,2
v,-104,22,9,4
v,-64,21,2,1
v,-122,22,9,3
v,-125,26,2,2
v,-127,25,3,6
v,-126,25,3,5
v,-116,25,3,4
v,-128,35,7,6
v,-112,25,3,3
v,96,25,3,2
v,-97,35,7,7
v,-97,1,6,0
v,0,31,3,3
v,-32,31,3,4
v,-66,37,3,1
v,-104,31,3,5
v,-127,37,3,2
v,-122,31,3,6
v,96,37,3,0
v,-127,31,3,7
v,127,4,7,3
v,-112,43,4,0
v,-121,22,1,3
v,-127,43,4,3
v,-116,43,4,1
v,-126,43,4,2
v,-126,38,3,1
v,-68,38,3,0
v,-127,38,3,2
v,-127,45,6,0
v,-124,14,0,0
v,-127,14,0,2
v,-126,14,0,1
v,-120,45,6,2
v,-122,45,6,1
v,64,45,6,4
v,-80,45,6,3
v,-125,7,4,0
v,0,33,9,2
v,-64,33,9,1
v,-80,33,9,0
v,-120,31,9,0
v,-32,11,10,0
v,-120,7,6,4
v,-80,7,6,3
v,0,11,10,1
v,96,8,9,3
v,-125,7,6,6
v,-124,7,6,5
v,-116,8,9,1
v,-80,31,9,1
v,-116,39,7,4
v,64,31,9,2
v,-112,8,9,2
v,-125,39,7,3
v,-126,8,9,0
v,112,39,7,5
v,64,7,6,2
v,-104,41,6,4
v,-113,41,6,3
v,96,41,8,1
v,-32,18,4,4
v,0,18,4,3
v,-104,41,8,0
v,-96,41,6,5
v,64,41,6,6
v,-127,28,8,4
v,-122,28,8,5
v,-127,18,1,1
v,-122,18,4,6
v,-120,28,8,6
v,-104,18,4,5
v,-112,28,8,7
v,-96,18,1,3
v,-98,18,1,2
v,-127,18,4,7
v,-121,41,4,3
v,-1,6,5,1
v,0,6,5,0
v,-120,41,4,2
v,112,41,4,1
v,-122,9,9,1
v,-127,9,9,0
v,-96,9,9,3
v,-104,9,9,2
v,64,9,9,4
v,-32,35,9,0
v,0,35,9,1
v,-125,22,8,7
v,-112,17,0,0
v,-120,17,0,1
v,64,16,1,3
v,-80,16,1,2
v,-121,16,1,0
v,0,13,10,2
v,-120,16,1,1
v,-64,13,10,1
v,-126,17,0,3
v,-96,13,10,0
v,-122,17,0,2
v,-124,14,9,4
v,-72,14,9,5
v,-64,14,9,6
v,0,14,9,7
v,-125,14,9,3
v,112,49,6,1
v,-122,13,5,7
v,-120,13,5,6
v,112,13,5,5
v,-126,16,3,1
v,0,13,5,4
v,-116,16,3,0
v,-116,49,6,0
v,-127,16,3,2
v,-104,43,5,4
v,-124,14,5,7
v,-121,14,3,0
v,-122,43,5,5
v,-8,14,5,6
v,0,14,5,5
v,-127,43,5,6
v,-127,29,1,0
v,126,29,1,1
v,-64,22,2,1
v,-80,15,4,3
v,-120,22,4,7
v,-80,22,2,0
v,64,15,4,2
v,-16,22,4,6
v,0,22,4,5
v,-128,43,5,0
v,-127,15,4,6
v,96,16,5,7
v,96,43,5,3
v,-121,15,4,5
v,0,22,2,2
v,-120,15,4,4
v,96,16,9,7
v,-112,16,9,6
v,-127,16,9,3
v,0,26,10,0
v,-116,16,9,5
v,-126,16,9,4
v,-64,24,0,0
v,0,28,4,7
v,-72,24,0,1
v,-96,19,3,0
v,-104,19,3,1
v,-122,19,3,2
v,-124,24,0,2
v,-127,19,3,3
v,-125,24,0,3
v,-121,5,6,4
v,-104,5,6,3
v,-96,5,6,2
v,-64,5,6,1
v,-97,48,5,2
v,0,5,6,0
v,-96,48,5,1
v,-64,48,5,0
v,-121,33,3,5
v,-126,23,8,7
v,-104,33,3,4
v,64,12,10,1
v,-120,28,2,0
v,-80,33,3,3
v,-96,12,10,0
v,-124,28,2,1
v,64,33,3,2
v,-126,28,2,2
v,-127,28,2,3
v,0,33,3,1
v,-127,23,8,6
v,-127,28,0,1
v,-128,4,0,0
v,-126,28,0,0
v,-80,44,5,3
v,-116,44,5,4
v,-125,44,5,5
v,0,24,4,6
v,-114,24,2,0
v,-32,24,4,7
v,-127,24,2,1
v,64,24,2,2
v,64,44,5,2
v,0,25,10,0
v,-80,29,8,7
v,-116,20,0,2
v,-122,20,0,3
v,-124,29,8,5
v,-120,29,8,6
v,-125,29,8,4
v,0,40,5,4
v,-64,17,10,1
v,0,17,10,2
v,-65,40,5,6
v,-96,20,0,0
v,-127,20,8,7
v,-64,40,5,5
v,-96,17,10,0
v,-112,20,0,1
v,-64,15,10,1
v,0,15,10,2
v,-32,30,9,2
v,0,30,9,3
v,-96,15,10,0
v,-112,30,9,1
v,-116,30,9,0
v,-126,24,8,7
v,-127,24,8,6
v,64,4,9,0
v,-127,23,1,3
v,-125,27,3,6
v,-124,27,3,5
v,-72,27,3,4
v,64,27,3,3
v,-127,34,7,7
v,0,24,10,1
v,-64,20,10,1
v,0,20,10,2
v,-64,24,10,0
v,-96,20,10,0
v,64,35,3,1
v,-80,35,3,2
v,0,29,3,4
v,-16,29,3,5
v,-113,35,3,3
v,-114,29,3,6
v,-127,29,3,7
v,0,18,10,2
v,-64,18,10,1
v,-96,18,10,0
v,-80,32,3,4
v,-116,32,3,5
v,0,32,3,2
v,-64,32,3,3
v,-72,36,4,5
v,-122,36,4,6
v,-127,36,4,7
v,0,36,4,3
v,-64,36,4,4
v,-127,39,4,5
v,-122,39,4,4
v,-72,39,4,3
v,64,39,4,2
v,-125,32,3,6
v,-116,25,9,2
v,-80,25,9,3
v,-32,31,8,7
v,-104,31,8,6
v,-125,25,9,1
v,-124,31,8,5
v,-126,31,8,4
v,-127,31,8,3
v,-64,25,9,4
v,0,25,9,5
v,0,42,8,1
v,-16,42,8,0
v,0,36,8,5
v,-16,36,8,4
v,-125,7,8,2
v,-116,36,8,3
v,64,7,8,4
v,-122,36,8,2
v,-127,19,1,1
v,-127,36,8,1
v,-68,7,8,3
v,-126,19,1,2
v,-68,19,1,3
v,126,44,7,0
v,64,47,6,3
v,-80,47,6,2
v,-120,47,6,1
v,-121,47,6,0
v,-96,21,10,0
v,-64,21,10,1
v,0,21,10,2
v,-114,40,7,3
v,112,40,7,4
v,-127,40,7,2
v,64,20,2,1
v,-96,20,2,0
v,-121,46,4,0
v,-127,36,2,0
v,-120,30,2,0
v,-125,40,3,1
v,-121,38,7,4
v,-104,38,7,5
v,-127,30,2,3
v,96,38,7,6
v,-124,40,3,0
v,-126,30,2,2
v,-124,30,2,1
v,-122,15,9,4
v,-127,15,9,3
v,-16,15,9,6
v,-120,15,9,5
v,0,15,9,7
t,snow
v,-121,35,5,10
v,-121,29,4,10
v,-125,21,0,4
v,112,21,1,5
v,-120,21,1,4
v,-121,15,8,8
v,-120,15,8,9
v,-32,21,1,6
v,-100,19,5,10
v,0,15,6,9
v,-32,27,5,13
v,-96,26,7,14
v,64,26,7,15
v,-98,27,5,14
v,-125,19,5,11
v,0,26,7,16
v,-127,27,5,15
v,64,37,6,8
v,-125,19,7,13
v,124,19,7,14
v,-127,15,5,9
v,-126,15,5,8
v,-124,29,7,11
v,-104,29,7,12
v,-125,29,7,10
v,-32,29,7,13
v,0,29,7,14
v,-100,26,7,13
v,-126,26,7,12
v,-127,26,7,11
v,64,26,5,12
v,-80,26,5,13
v,-120,26,5,14
v,-121,26,5,15
v,-125,24,4,10
v,7,27,6,16
v,-8,27,6,17
v,-127,19,0,4
v,-126,31,4,9
v,-116,31,4,8
v,-127,21,7,12
v,96,32,7,11
v,-4,32,7,10
v,0,32,8,8
v,96,21,7,16
v,-104,21,7,15
v,-124,21,7,14
v,-126,21,7,13
v,-124,32,4,8
v,-125,32,4,9
v,0,33,8,8
v,124,10,7,8
v,-127,34,4,8
v,-96,25,1,8
v,-96,25,1,7
v,-16,25,1,6
v,-8,25,1,5
v,124,25,1,4
v,0,12,8,8
v,-126,23,4,9
v,-116,23,4,8
v,78,12,7,9
v,-127,12,7,8
v,-127,11,6,8
v,-97,17,6,12
v,-32,17,6,11
v,-128,17,6,13
v,-8,11,7,9
v,0,17,6,10
v,7,11,7,8
v,-72,29,4,9
v,64,29,4,8
v,-122,21,8,8
v,-121,18,5,10
v,-120,21,8,9
v,0,17,1,4
v,-112,17,8,10
v,64,17,8,12
v,-96,17,8,11
v,-125,12,6,8
v,0,29,8,10
v,-127,30,6,13
v,-64,27,8,9
v,-96,27,8,8
v,-112,27,8,7
v,126,30,6,14
v,-126,22,6,16
v,-124,22,6,15
v,120,22,6,14
v,-96,34,5,9
v,64,34,5,8
v,-127,22,6,17
v,-112,26,6,19
v,-125,24,7,12
v,-124,24,7,13
v,-2,26,6,17
v,-120,24,7,14
v,-72,26,6,18
v,-80,24,7,15
v,64,24,7,16
v,0,24,7,17
v,1,26,6,16
v,-66,33,7,9
v,-127,33,7,8
v,0,32,5,9
v,-124,24,5,14
v,-125,24,5,15
v,-96,24,5,12
v,-104,24,5,13
v,64,24,5,11
v,-127,30,5,14
v,-126,30,5,13
v,-127,23,4,10
v,-68,30,5,12
v,64,30,5,11
v,-127,31,4,10
v,-96,26,8,9
v,-112,26,8,8
v,-97,34,5,10
v,-32,26,4,8
v,-112,26,4,9
v,-127,20,4,8
v,0,20,5,8
v,-64,20,5,9
v,0,27,7,15
v,-127,27,7,11
v,-114,27,7,12
v,-112,27,7,13
v,-32,27,7,14
v,-127,30,4,10
v,100,35,7,8
v,0,25,7,16
v,-64,25,7,15
v,-1,15,6,10
v,-72,25,7,14
v,-124,25,7,13
v,-96,21,5,10
v,-112,21,5,11
v,-114,21,5,12
v,-125,21,5,13
v,-16,22,8,10
v,15,16,7,11
v,112,16,7,12
v,-120,32,5,11
v,-121,32,5,12
v,-16,32,5,10
v,-127,22,0,4
v,-97,37,5,8
v,-116,22,1,4
v,28,22,1,5
v,-127,30,7,9
v,-32,22,1,6
v,-64,22,1,7
v,-127,29,6,14
v,-128,11,0,0
v,126,29,6,15
v,-72,14,7,11
v,-121,19,8,8
v,-120,19,8,9
v,68,14,7,10
v,-126,25,7,12
v,-127,25,7,11
v,-125,32,7,9
v,-121,23,5,14
v,-120,23,5,13
v,-80,23,5,12
v,-64,23,5,11
v,0,23,5,10
v,127,35,6,9
v,127,32,6,12
v,-125,32,6,11
v,96,33,5,9
v,112,15,8,10
v,-127,18,0,4
v,-121,33,4,8
v,-121,19,6,14
v,-104,19,6,13
v,-96,19,6,12
v,64,19,6,11
v,64,18,1,4
v,-112,28,8,7
v,-1,25,6,17
v,-96,28,8,8
v,0,25,6,16
v,-64,28,8,9
v,0,36,7,8
v,64,22,7,17
v,-96,22,7,16
v,-121,18,8,8
v,-112,22,7,15
v,-116,22,7,14
v,-126,22,7,13
v,-127,22,7,12
v,-112,33,5,10
v,-113,33,5,11
v,64,26,8,10
v,-124,31,5,12
v,-125,31,5,13
v,-122,14,8,8
v,0,31,5,10
v,-8,31,5,11
v,-127,31,6,12
v,120,14,8,9
v,127,31,6,13
v,-124,22,8,8
v,-80,28,7,13
v,-120,22,8,9
v,-120,28,7,12
v,64,21,5,9
v,0,28,7,15
v,64,28,7,14
v,-125,14,7,9
v,-121,28,7,11
v,-120,18,8,9
v,-127,17,0,4
v,0,23,8,11
v,-64,23,8,10
v,-116,26,4,10
v,96,18,9,8
v,-127,13,5,8
v,-127,13,6,9
v,126,13,6,8
v,0,27,8,10
v,-72,35,5,9
v,-127,23,0,4
v,-125,14,5,8
v,127,14,6,9
v,64,35,5,8
v,-127,24,6,17
v,0,24,6,15
v,126,24,6,16
v,2,13,7,9
v,-32,30,8,8
v,-127,22,4,9
v,-98,16,5,8
v,0,30,8,9
v,-127,13,7,8
v,-122,22,4,8
v,-127,16,5,9
v,124,13,8,8
v,-96,28,4,9
v,-64,28,4,8
v,-64,27,4,8
v,-96,27,4,9
v,-80,26,1,4
v,-126,23,6,16
v,0,28,8,10
v,-124,23,8,8
v,-127,23,6,17
v,-72,23,8,9
v,124,23,6,15
v,-16,22,5,11
v,96,22,5,10
v,64,18,5,8
v,-72,18,5,9
v,-127,22,5,14
v,-114,22,5,13
v,-127,23,6,18
v,-112,22,5,12
v,-127,23,6,19
v,-104,24,4,8
v,-124,24,4,9
v,-104,28,4,10
v,-121,28,4,11
v,-126,21,4,8
v,-80,29,8,7
v,-96,29,8,8
v,-125,20,0,4
v,-113,17,7,12
v,112,17,7,13
v,-127,21,4,9
v,64,20,1,5
v,-122,20,8,8
v,-120,20,8,9
v,-8,20,1,4
v,124,28,6,16
v,-112,23,7,15
v,-72,31,7,11
v,-32,23,7,16
v,-125,28,6,15
v,-122,31,7,10
v,0,23,7,17
v,0,23,7,18
v,-96,23,1,8
v,-127,23,7,12
v,-32,23,1,6
v,-122,23,7,13
v,0,22,8,11
v,-32,23,1,7
v,-120,23,7,14
v,64,31,7,12
v,7,15,7,10
v,-24,15,7,11
v,-112,15,7,12
v,-64,29,8,9
v,-80,25,4,8
v,-96,24,8,9
v,-120,17,8,9
v,-121,17,8,8
v,-100,24,8,8
v,-40,23,1,5
v,78,23,1,4
v,112,30,4,8
v,-104,25,4,9
v,-121,16,8,8
v,-120,16,8,9
v,-114,30,4,9
v,0,19,8,13
v,-96,19,8,11
v,-64,19,8,12
v,-112,19,8,10
v,-128,0,0,0
v,-122,25,4,10
v,-127,25,4,11
v,64,33,7,10
v,-16,36,5,8
v,96,34,7,9
v,-65,34,7,8
v,-113,36,5,9
v,-96,24,1,9
v,-32,24,1,7
v,-127,31,7,9
v,-32,24,1,8
v,-8,24,1,5
v,-16,24,1,6
v,0,25,8,11
v,-64,25,8,10
v,-127,29,5,15
v,-112,25,8,8
v,-96,25,8,9
v,-58,24,1,4
v,-124,27,4,11
v,-104,27,4,10
v,-125,21,6,16
v,-126,29,5,14
v,0,18,8,13
v,63,18,7,13
v,112,21,6,13
v,-64,18,7,14
v,-98,29,5,13
v,-64,18,8,12
v,-124,21,6,15
v,-32,29,5,12
v,-96,18,8,11
v,-120,21,6,14
v,0,29,5,11
v,-112,18,8,10
v,-112,16,8,10
v,96,16,8,11
v,-127,33,6,10
v,-113,17,5,9
v,126,33,6,11
v,-16,17,5,8
v,96,17,9,8
v,0,18,6,10
v,-4,13,7,10
v,-64,18,6,11
v,64,16,6,10
v,-65,16,6,11
v,-125,27,4,12
v,-80,18,6,12
v,-113,18,6,13
v,-127,25,5,16
v,-122,25,5,15
v,-116,25,5,14
v,-112,25,5,13
v,-32,19,5,9
v,-32,25,5,12
v,0,19,5,8
v,0,25,5,11
v,-114,28,5,14
v,-127,28,5,15
v,-64,24,8,10
v,0,24,8,11
v,64,30,7,13
v,-80,30,7,12
v,-116,30,7,11
v,-1,36,6,8
v,-126,30,7,10
v,0,36,6,9
v,64,31,8,8
v,-80,12,7,10
v,-80,20,5,10
v,-114,20,5,11
v,-127,20,5,12
v,-80,28,5,13
v,64,28,5,12
v,0,28,5,11
v,-127,26,4,12
v,-125,26,4,11
v,-64,19,1,4
v,64,19,1,5
v,127,34,6,10
v,0,27,5,12
v,-112,20,8,10
v,-96,20,8,11
v,64,20,8,12
v,120,20,7,15
v,-124,20,7,14
v,-126,20,7,13
v,-127,20,7,12
v,-112,21,8,10
v,96,21,8,11
v,96,20,6,12
v,-112,20,6,13
v,-120,20,6,14
v,-121,20,6,15
t,sand
v,-112,94,6,19
v,-120,94,6,18
v,-124,94,6,17
v,-126,94,6,16
v,-127,94,6,15
v,127,84,6,15
v,0,105,8,6
v,-64,105,8,5
v,-96,105,8,4
v,-112,105,8,3
v,-120,105,8,2
v,-124,105,8,1
v,-96,94,6,20
v,-126,105,8,0
v,0,94,6,22
v,-64,94,6,21
v,-126,105,3,9
v,-120,105,3,7
v,-124,105,3,8
v,-96,105,3,5
v,-112,105,3,6
v,0,105,3,3
v,-64,105,3,4
v,-64,93,5,20
v,-124,63,2,0
v,-127,63,2,2
v,-126,63,2,1
v,-119,93,5,23
v,-128,93,5,24
v,-96,93,5,21
v,-112,93,5,22
v,-124,79,2,0
v,-126,79,2,1
v,-127,79,2,2
v,0,93,5,19
v,127,70,5,1
v,-124,76,2,0
v,-126,76,2,1
v,-127,76,2,2
v,127,71,3,2
v,-128,71,3,1
v,127,64,3,3
v,-112,98,8,3
v,-96,98,8,4
v,-126,100,3,9
v,-124,98,8,1
v,-124,100,3,8
v,-120,98,8,2
v,127,117,3,1
v,-120,100,3,7
v,-112,100,3,6
v,-96,100,3,5
v,-64,98,8,5
v,0,98,8,6
v,-64,100,3,4
v,-126,98,8,0
v,127,75,4,6
v,-127,104,3,10
v,-112,77,3,6
v,-96,77,3,5
v,-121,77,3,8
v,-120,77,3,7
v,0,77,3,3
v,127,71,7,2
v,-64,77,3,4
v,127,108,5,10
v,127,73,7,4
v,-124,90,8,1
v,-120,90,8,2
v,-112,90,8,3
v,-96,90,8,4
v,-64,90,8,5
v,0,90,8,6
v,-127,92,7,7
v,-126,90,8,0
v,0,100,3,3
v,-124,92,7,9
v,-126,92,7,8
v,127,82,5,13
v,-127,83,7,7
v,-124,83,7,9
v,-126,83,7,8
v,0,77,8,6
v,-64,77,8,5
v,-96,77,8,4
v,-112,77,8,3
v,-120,77,8,2
v,-124,77,8,1
v,-126,77,8,0
v,-96,89,7,12
v,-112,89,7,11
v,127,72,6,3
v,0,89,7,14
v,-64,89,7,13
v,127,107,6,11
v,-113,92,5,23
v,-112,92,5,22
v,-96,92,5,21
v,-128,107,6,15
v,-64,92,5,20
v,0,92,5,19
v,0,83,3,3
v,-127,116,2,2
v,-126,116,2,1
v,-96,83,3,5
v,-124,116,2,0
v,-64,83,3,4
v,-120,83,3,7
v,-112,83,3,6
v,-126,83,3,9
v,-124,83,3,8
v,-124,92,2,0
v,-126,92,2,1
v,-127,92,2,2
v,127,115,7,3
v,-126,81,8,0
v,-120,81,8,2
v,-124,81,8,1
v,-96,81,8,4
v,-112,81,8,3
v,0,81,8,6
v,-64,81,8,5
v,-126,91,3,9
v,-96,91,3,5
v,-112,91,3,6
v,-120,91,3,7
v,-124,91,3,8
v,0,91,3,3
v,-64,91,3,4
v,0,112,8,6
v,-124,90,6,17
v,-64,112,8,5
v,-126,90,6,16
v,-96,112,8,4
v,-112,90,6,19
v,-112,112,8,3
v,-120,90,6,18
v,-120,112,8,2
v,-124,112,8,1
v,-126,112,8,0
v,0,103,8,6
v,-96,103,8,4
v,-127,90,6,15
v,-64,103,8,5
v,-120,103,8,2
v,-120,96,7,10
v,-112,103,8,3
v,-126,103,8,0
v,-124,103,8,1
v,-64,96,7,13
v,0,96,7,14
v,-112,96,7,11
v,-96,96,7,12
v,64,90,6,21
v,-96,90,6,20
v,-127,101,6,15
v,-120,89,7,10
v,-126,101,6,16
v,124,101,6,17
v,-96,91,5,21
v,-97,91,5,22
v,-64,91,5,20
v,127,103,5,15
v,0,58,3,3
v,-96,107,8,4
v,-64,107,8,5
v,-66,58,3,5
v,0,107,8,6
v,-63,58,3,4
v,-126,107,8,0
v,-124,107,8,1
v,-120,107,8,2
v,-112,107,8,3
v,-127,97,2,2
v,-126,97,2,1
v,-124,97,2,0
v,-126,99,6,16
v,-127,99,6,15
v,-126,109,2,1
v,112,99,6,19
v,-124,109,2,0
v,-120,99,6,18
v,0,84,3,3
v,-124,99,6,17
v,-127,109,2,2
v,-64,84,3,4
v,-96,84,3,5
v,-112,84,3,6
v,-120,84,3,7
v,-124,84,3,8
v,-126,84,3,9
v,0,91,5,19
v,127,106,6,12
v,-128,106,6,15
v,-127,101,3,10
v,0,98,5,19
v,0,109,8,6
v,-96,109,8,4
v,-64,109,8,5
v,-120,60,3,7
v,-120,109,8,2
v,-112,109,8,3
v,-126,109,8,0
v,-94,60,3,5
v,-108,60,3,6
v,-124,109,8,1
v,0,60,3,3
v,-63,60,3,4
v,-124,99,4,16
v,-120,99,4,15
v,-127,99,4,18
v,-126,99,4,17
v,-127,106,3,10
v,127,76,7,7
v,-64,99,4,12
v,0,99,4,11
v,127,83,5,14
v,-112,99,4,14
v,127,107,5,11
v,-96,99,4,13
v,-124,94,8,1
v,-120,94,8,2
v,-112,94,8,3
v,-96,94,8,4
v,-126,94,8,0
v,-127,97,3,10
v,-127,88,6,15
v,-126,88,6,16
v,-112,61,4,0
v,0,94,8,6
v,-64,61,4,2
v,112,88,6,19
v,-96,61,4,1
v,-64,94,8,5
v,-124,88,6,17
v,0,61,4,3
v,-120,88,6,18
v,-1,57,3,4
v,0,57,3,3
v,-127,85,3,10
v,124,70,8,1
v,-126,70,8,0
v,127,69,4,0
v,-120,92,3,7
v,-126,100,7,8
v,-112,92,3,6
v,-124,100,7,9
v,127,115,6,3
v,-96,92,3,5
v,-64,92,3,4
v,-126,92,3,9
v,-124,92,3,8
v,-124,115,2,0
v,0,92,3,3
v,-127,100,7,7
v,-127,100,6,15
v,-126,100,6,16
v,-124,100,6,17
v,-127,115,2,2
v,-126,115,2,1
v,-126,96,3,9
v,120,100,6,18
v,-124,96,3,8
v,-64,96,3,4
v,-126,90,3,9
v,-96,96,3,5
v,-124,90,3,8
v,-112,96,3,6
v,-120,90,3,7
v,127,74,5,5
v,-112,90,3,6
v,-120,96,3,7
v,0,96,3,3
v,-127,93,2,2
v,-124,93,2,0
v,-126,93,2,1
v,-96,90,3,5
v,-64,90,3,4
v,0,90,3,3
v,127,103,6,15
v,127,69,7,0
v,0,98,3,3
v,-64,98,3,4
v,-96,98,3,5
v,-64,110,3,4
v,0,110,3,3
v,-120,98,3,7
v,-112,98,3,6
v,-126,98,3,9
v,-124,98,3,8
v,-120,110,3,7
v,-121,110,3,8
v,-96,110,3,5
v,-112,110,3,6
v,-1,98,5,20
v,127,117,7,1
v,127,113,4,5
v,-126,95,8,0
v,-124,95,8,1
v,-120,81,7,10
v,-120,95,8,2
v,-112,95,8,3
v,-112,81,7,11
v,96,81,7,12
v,-121,53,2,0
v,112,115,8,3
v,-64,95,8,5
v,-126,115,8,0
v,-96,95,8,4
v,-124,115,8,1
v,0,95,8,6
v,-120,115,8,2
v,0,91,8,6
v,-64,91,8,5
v,-96,91,8,4
v,-112,91,8,3
v,-120,91,8,2
v,127,111,4,7
v,-124,91,8,1
v,-126,91,8,0
v,-124,72,2,0
v,-127,72,2,2
v,-126,72,2,1
v,-96,113,8,4
v,-112,113,8,3
v,-120,113,8,2
v,-124,113,8,1
v,-126,113,8,0
v,64,113,8,5
v,127,114,5,4
v,127,77,4,8
v,-127,87,7,7
v,-126,87,7,8
v,-124,87,7,9
v,127,79,4,10
v,-128,79,4,15
v,-112,111,8,3
v,-96,111,8,4
v,-64,111,8,5
v,0,111,8,6
v,-126,111,8,0
v,-124,117,2,0
v,-124,111,8,1
v,-125,117,2,1
v,-120,111,8,2
v,-127,86,2,2
v,-126,86,2,1
v,-124,86,2,0
v,127,118,4,0
v,-127,91,2,2
v,-124,91,2,0
v,-96,84,8,4
v,-126,91,2,1
v,-64,84,8,5
v,0,84,8,6
v,127,54,3,1
v,127,116,7,2
v,-124,84,8,1
v,-126,84,8,0
v,-112,84,8,3
v,-120,84,8,2
v,127,112,4,6
v,127,56,3,3
v,127,84,5,15
v,-127,104,7,7
v,-124,104,7,9
v,112,80,7,11
v,-126,104,7,8
v,-120,80,7,10
v,-127,62,2,2
v,-124,62,2,0
v,-112,85,7,11
v,-126,62,2,1
v,-96,85,7,12
v,-64,85,7,13
v,0,85,7,14
v,-120,85,7,10
v,0,87,3,3
v,-64,87,3,4
v,-124,84,7,9
v,-127,59,2,2
v,-96,87,3,5
v,-127,84,7,7
v,-126,84,7,8
v,-127,91,4,18
v,-64,82,3,4
v,-126,91,4,17
v,0,82,3,3
v,-124,91,4,16
v,-112,82,3,6
v,-120,91,4,15
v,-96,82,3,5
v,-124,82,3,8
v,-120,82,3,7
v,126,110,7,8
v,-126,82,3,9
v,-127,110,7,7
v,127,78,4,9
v,-96,91,4,13
v,-112,91,4,14
v,0,91,4,11
v,-64,91,4,12
v,-120,87,3,7
v,-124,59,2,0
v,-112,87,3,6
v,-126,59,2,1
v,-126,87,3,9
v,-124,87,3,8
v,-64,93,7,13
v,-96,93,7,12
v,0,93,7,14
v,-112,93,7,11
v,-120,93,7,10
v,0,104,7,14
v,-64,104,7,13
v,-96,104,7,12
v,-112,104,7,11
v,-120,104,7,10
v,-128,88,5,20
v,-127,83,3,10
v,127,104,5,14
v,-120,101,4,15
v,-124,101,4,16
v,-1,63,3,4
v,-96,101,4,13
v,-112,101,4,14
v,0,101,4,11
v,127,88,5,19
v,-64,101,4,12
v,0,63,3,3
v,-96,65,4,1
v,64,65,4,2
v,-112,65,4,0
v,-125,101,4,17
v,-127,81,3,10
v,-113,76,3,7
v,-112,76,3,6
v,-128,76,3,8
v,-127,90,3,10
v,127,70,4,1
v,0,76,3,3
v,-64,76,3,4
v,-96,76,3,5
v,-126,95,4,17
v,-126,98,7,8
v,-127,95,4,18
v,-124,98,7,9
v,-120,95,4,15
v,-124,95,4,16
v,-127,98,7,7
v,-96,95,4,13
v,-112,95,4,14
v,0,95,4,11
v,-64,95,4,12
v,-127,71,2,2
v,-126,71,2,1
v,-124,71,2,0
v,-126,64,2,1
v,-124,64,2,0
v,-120,107,7,10
v,112,107,7,11
v,-127,64,2,2
v,127,75,5,6
v,0,80,3,3
v,-64,80,3,4
v,127,100,5,18
v,-126,80,3,9
v,-120,80,3,7
v,-124,80,3,8
v,-96,80,3,5
v,-112,80,3,6
v,-124,77,2,0
v,-126,77,2,1
v,-127,77,2,2
v,127,71,6,2
v,0,80,8,6
v,-64,80,8,5
v,-96,80,8,4
v,-112,80,8,3
v,-120,80,8,2
v,-127,77,7,7
v,-124,80,8,1
v,126,77,7,8
v,-126,80,8,0
v,127,73,6,4
v,-126,83,2,1
v,-127,83,2,2
v,-124,83,2,0
v,-126,74,8,0
v,-120,74,8,2
v,-124,74,8,1
v,-112,74,8,3
v,-96,74,8,4
v,64,74,8,5
v,-127,91,3,10
v,-126,82,7,8
v,-127,82,7,7
v,-127,96,2,2
v,-124,82,7,9
v,-126,96,2,1
v,-124,96,2,0
v,-127,80,3,10
v,-126,114,2,1
v,-124,114,2,0
v,-127,114,2,2
v,127,72,7,3
v,-127,97,7,7
v,-126,97,7,8
v,-124,97,7,9
v,127,80,6,11
v,-120,98,7,10
v,-112,98,7,11
v,-96,98,7,12
v,-64,98,7,13
v,0,98,7,14
v,0,109,3,3
v,-96,97,3,5
v,-112,97,3,6
v,-64,109,3,4
v,0,97,3,3
v,-126,84,2,1
v,-96,109,3,5
v,-124,84,2,0
v,-64,97,3,4
v,-112,109,3,6
v,-120,109,3,7
v,-124,109,3,8
v,-125,109,3,9
v,-112,91,6,19
v,-124,91,6,17
v,-120,91,6,18
v,127,79,6,10
v,-126,106,2,1
v,-127,84,2,2
v,-127,106,2,2
v,-124,106,2,0
v,-128,111,6,15
v,-126,91,6,16
v,-127,91,6,15
v,-126,97,3,9
v,-124,97,3,8
v,-120,97,3,7
v,126,118,8,0
v,127,112,7,6
v,-128,109,6,15
v,-128,112,7,7
v,-124,86,7,9
v,-127,86,7,7
v,-126,86,7,8
v,-127,103,7,7
v,-126,103,7,8
v,-96,91,6,20
v,-64,91,6,21
v,0,91,6,22
v,-124,103,7,9
v,-64,103,3,4
v,0,103,3,3
v,0,98,4,11
v,-112,103,3,6
v,-96,103,3,5
v,-96,98,4,13
v,-124,103,3,8
v,-64,98,4,12
v,-120,103,3,7
v,-120,98,4,15
v,-112,98,4,14
v,-126,103,3,9
v,-126,98,4,17
v,-124,98,4,16
v,-127,98,4,18
v,127,108,4,10
v,-112,58,4,0
v,-64,58,4,2
v,-96,58,4,1
v,0,58,4,3
v,-127,107,3,10
v,-127,101,2,2
v,120,79,7,10
v,-126,101,2,1
v,-124,101,2,0
v,127,102,5,16
v,127,69,3,0
v,127,79,5,10
v,-127,60,2,2
v,-65,90,5,21
v,-124,60,2,0
v,-64,90,5,20
v,-126,60,2,1
v,-126,93,7,8
v,-127,93,7,7
v,-124,93,7,9
v,0,104,4,11
v,-112,93,6,19
v,-124,102,2,0
v,-126,102,2,1
v,-127,102,2,2
v,-112,93,3,6
v,-96,93,3,5
v,-64,93,3,4
v,0,93,3,3
v,-127,93,6,15
v,-126,93,6,16
v,-126,93,3,9
v,-124,93,6,17
v,-124,93,3,8
v,-120,93,6,18
v,-120,93,3,7
v,-64,104,4,12
v,-96,104,4,13
v,-97,104,4,14
v,126,69,8,0
v,0,93,6,22
v,-96,93,6,20
v,-64,93,6,21
v,-112,57,4,0
v,-96,57,4,1
v,-127,87,2,2
v,-126,87,2,1
v,-124,87,2,0
v,0,57,4,3
v,-64,57,4,2
v,127,53,3,0
v,-112,99,7,11
v,-120,99,7,10
v,-64,99,7,13
v,-96,99,7,12
v,0,99,7,14
v,0,106,3,3
v,-112,100,8,3
v,-96,100,8,4
v,-96,106,3,5
v,-64,100,8,5
v,-64,106,3,4
v,0,100,8,6
v,-126,100,8,0
v,-124,100,8,1
v,-120,100,8,2
v,-120,106,3,7
v,127,115,5,3
v,-112,106,3,6
v,-126,106,3,9
v,-124,106,3,8
v,-126,76,8,0
v,-126,106,7,8
v,-124,106,7,9
v,-127,106,7,7
v,-96,76,8,4
v,-112,76,8,3
v,-120,76,8,2
v,-124,76,8,1
v,127,74,4,5
v,0,76,8,6
v,-64,76,8,5
v,-127,103,3,10
v,127,110,4,8
v,0,90,5,19
v,127,118,5,0
v,-64,84,4,12
v,0,84,4,11
v,-112,84,4,14
v,-96,84,4,13
v,-113,84,4,15
v,64,82,7,13
v,-96,82,7,12
v,0,113,3,3
v,-125,54,2,1
v,0,103,7,14
v,-112,82,7,11
v,-64,113,3,4
v,-124,54,2,0
v,127,116,6,2
v,-120,82,7,10
v,-65,113,3,5
v,-112,92,6,19
v,-120,92,6,18
v,-127,92,6,15
v,0,111,3,3
v,-126,92,6,16
v,-124,92,6,17
v,-64,103,7,13
v,-96,103,7,12
v,-112,103,7,11
v,-120,103,7,10
v,-96,111,3,5
v,127,72,3,3
v,-64,111,3,4
v,-113,111,3,7
v,-112,111,3,6
v,-64,92,6,21
v,0,92,6,22
v,-96,92,6,20
v,127,113,7,5
v,-96,85,8,4
v,-112,85,8,3
v,-112,96,6,19
v,-127,108,3,10
v,0,85,8,6
v,-120,96,6,18
v,-64,85,8,5
v,-124,96,6,17
v,-126,96,6,16
v,127,114,6,4
v,-127,96,6,15
v,-127,98,2,2
v,-126,98,2,1
v,-124,98,2,0
v,-126,85,8,0
v,-124,85,8,1
v,-120,85,8,2
v,-124,82,2,0
v,-126,82,2,1
v,-64,105,4,12
v,-127,82,2,2
v,0,105,4,11
v,0,96,6,22
v,-124,87,8,1
v,-64,96,6,21
v,-120,87,8,2
v,-112,87,8,3
v,-96,87,8,4
v,127,81,6,12
v,-64,87,8,5
v,0,78,3,3
v,0,87,8,6
v,-96,96,6,20
v,127,117,6,1
v,-128,83,4,15
v,-127,82,3,10
v,-112,78,3,6
v,-97,83,4,14
v,-120,78,3,7
v,-64,78,3,4
v,-96,78,3,5
v,0,83,4,11
v,-96,83,4,13
v,-124,78,3,8
v,-126,87,8,0
v,-64,83,4,12
v,-125,78,3,9
v,-128,104,6,15
v,-65,105,4,13
v,127,104,6,14
v,127,111,7,7
v,127,105,5,13
v,127,101,5,17
v,0,112,3,3
v,-64,112,3,4
v,-96,112,3,5
v,-97,112,3,6
v,-128,110,7,10
v,-64,87,7,13
v,0,87,7,14
v,-112,87,7,11
v,-96,87,7,12
v,-120,87,7,10
v,-64,102,7,13
v,0,102,7,14
v,-112,56,4,0
v,-64,56,4,2
v,-96,56,4,1
v,-128,109,7,10
v,0,56,4,3
v,-96,102,7,12
v,0,62,3,3
v,-112,102,7,11
v,-63,62,3,4
v,-120,102,7,10
v,-66,62,3,5
v,-124,96,8,1
v,-124,108,8,1
v,-64,110,8,5
v,-120,96,8,2
v,-120,108,8,2
v,-96,110,8,4
v,0,110,8,6
v,-126,108,8,0
v,-126,96,8,0
v,-124,110,8,1
v,-64,108,8,5
v,0,108,8,6
v,-126,110,8,0
v,-126,86,3,9
v,-112,110,8,3
v,-112,108,8,3
v,-124,86,3,8
v,-120,110,8,2
v,-96,108,8,4
v,-120,86,3,7
v,-96,86,3,5
v,-112,86,3,6
v,0,86,3,3
v,-64,86,3,4
v,0,96,8,6
v,-64,96,8,5
v,-96,96,8,4
v,-112,96,8,3
v,127,77,6,8
v,-64,86,8,5
v,-96,86,8,4
v,-112,86,8,3
v,-120,86,8,2
v,0,86,8,6
v,-126,86,8,0
v,-124,86,8,1
v,-127,93,3,10
v,-121,85,4,16
v,-64,85,4,12
v,-96,85,4,13
v,-112,85,4,14
v,-120,85,4,15
v,0,85,4,11
v,-112,63,4,0
v,-96,63,4,1
v,-64,63,4,2
v,0,63,4,3
v,0,81,4,11
v,-128,81,4,15
v,127,65,3,2
v,-1,81,4,12
v,-96,88,7,12
v,-64,88,7,13
v,-120,88,7,10
v,-112,88,7,11
v,0,88,7,14
v,127,70,3,1
v,-127,89,3,10
v,127,76,4,7
v,-128,89,3,19
v,-127,98,3,10
v,-127,100,3,10
v,127,75,6,6
v,124,78,7,9
v,-126,78,7,8
v,-127,78,7,7
v,-120,86,7,10
v,-112,86,7,11
v,0,86,7,14
v,-96,86,7,12
v,-64,86,7,13
v,127,71,5,2
v,-124,82,8,1
v,-127,90,4,18
v,-126,82,8,0
v,-112,82,8,3
v,-124,90,4,16
v,-120,82,8,2
v,-126,90,4,17
v,-64,82,8,5
v,-112,90,4,14
v,-96,82,8,4
v,-120,90,4,15
v,-127,86,6,15
v,-126,86,6,16
v,124,86,6,17
v,-127,75,2,2
v,-124,75,2,0
v,-126,75,2,1
v,0,82,8,6
v,-96,90,4,13
v,-64,90,4,12
v,0,90,4,11
v,127,74,7,5
v,-112,106,7,11
v,96,106,7,12
v,-120,106,7,10
v,-112,59,4,0
v,-96,59,4,1
v,-64,59,4,2
v,0,59,4,3
v,127,73,5,4
v,127,81,5,12
v,127,55,3,2
v,127,118,7,0
v,127,87,5,18
v,127,85,5,16
v,-1,114,3,4
v,0,114,3,3
v,112,67,4,0
v,112,72,8,3
v,-120,72,8,2
v,-124,72,8,1
v,-126,72,8,0
v,-64,88,3,4
v,0,88,3,3
v,-120,88,3,7
v,-124,88,3,8
v,-96,88,3,5
v,-112,88,3,6
v,-126,88,3,9
v,-127,84,3,10
v,-124,103,2,0
v,-126,103,2,1
v,-127,86,3,10
v,127,116,4,2
v,-124,94,2,0
v,-126,94,2,1
v,-127,94,2,2
v,120,108,7,10
v,0,106,4,11
v,-1,106,4,12
v,127,112,6,6
v,-124,80,2,0
v,-124,102,7,9
v,-126,80,2,1
v,-126,102,7,8
v,-127,102,7,7
v,-127,80,2,2
v,-127,103,2,2
v,127,69,6,0
v,127,80,4,11
v,-127,94,4,18
v,0,94,4,11
v,-64,94,4,12
v,-96,94,4,13
v,-112,94,4,14
v,-120,94,4,15
v,-124,94,4,16
v,-126,94,4,17
v,-112,62,4,0
v,-96,62,4,1
v,-64,62,4,2
v,0,62,4,3
v,-128,80,4,15
v,-112,88,4,14
v,-96,88,4,13
v,-64,88,4,12
v,0,88,4,11
v,-127,88,4,18
v,-126,88,4,17
v,-124,88,4,16
v,-120,88,4,15
v,-127,107,2,2
v,127,109,4,9
v,-124,107,2,0
v,-126,107,2,1
v,0,94,5,19
v,0,108,3,3
v,-112,108,3,6
v,-120,108,3,7
v,0,95,5,19
v,-64,108,3,4
v,-96,108,3,5
v,-124,108,3,8
v,-126,108,3,9
v,127,109,6,9
v,-64,95,5,20
v,-96,95,5,21
v,-112,95,5,22
v,0,97,4,11
v,-64,97,4,12
v,-96,97,4,13
v,-112,97,4,14
v,-120,97,4,15
v,-124,97,4,16
v,-113,95,5,23
v,-126,97,4,17
v,-127,97,4,18
v,-124,101,8,1
v,-126,101,8,0
v,-112,101,8,3
v,-126,58,2,1
v,-127,58,2,2
v,-120,101,8,2
v,-64,101,8,5
v,-96,101,8,4
v,-124,58,2,0
v,0,101,8,6
v,-64,99,8,5
v,-96,99,8,4
v,-128,105,6,15
v,0,99,8,6
v,-124,99,8,1
v,-126,99,8,0
v,-112,99,8,3
v,-126,108,7,8
v,-120,99,8,2
v,-124,108,7,9
v,-127,99,2,2
v,-124,61,2,0
v,-126,61,2,1
v,-127,61,2,2
v,-124,99,2,0
v,-126,99,2,1
v,-127,108,7,7
v,-124,66,2,0
v,-125,66,2,1
v,127,105,6,13
v,-126,95,2,1
v,-96,64,4,1
v,-112,64,4,0
v,-124,95,2,0
v,0,64,4,3
v,-64,64,4,2
v,-127,95,2,2
v,127,115,4,3
v,127,70,6,1
v,-65,74,3,5
v,-64,74,3,4
v,-126,97,8,0
v,-124,97,8,1
v,0,74,3,3
v,-64,97,8,5
v,-96,97,8,4
v,-112,97,8,3
v,-120,97,8,2
v,127,116,5,2
v,-128,116,5,1
v,0,97,8,6
v,-65,82,4,13
v,-128,82,4,15
v,0,82,4,11
v,-64,82,4,12
v,-126,78,2,1
v,-127,78,2,2
v,-124,78,2,0
v,-120,101,3,7
v,-124,101,3,8
v,-126,101,3,9
v,0,101,3,3
v,-64,101,3,4
v,-96,101,3,5
v,-112,101,3,6
v,127,78,6,9
v,-124,55,2,0
v,-126,55,2,1
v,-127,55,2,2
v,-64,83,7,13
v,0,83,7,14
v,-64,95,6,21
v,-96,95,6,20
v,0,95,6,22
v,127,113,6,5
v,-112,83,7,11
v,-96,83,7,12
v,-120,83,7,10
v,0,73,3,3
v,-1,73,3,4
v,-124,111,2,0
v,-126,111,2,1
v,-127,111,2,2
v,112,53,4,0
v,127,72,4,3
v,127,111,6,7
v,-120,97,7,10
v,-112,97,7,11
v,0,97,7,14
v,-127,80,7,7
v,-96,97,7,12
v,-126,80,7,8
v,-64,97,7,13
v,127,114,7,4
v,-124,80,7,9
v,-124,88,8,1
v,-127,96,7,7
v,-126,88,8,0
v,-112,88,8,3
v,-121,118,2,0
v,-120,88,8,2
v,-64,88,8,5
v,-96,88,8,4
v,-124,96,7,9
v,0,88,8,6
v,-126,96,7,8
v,127,107,4,11
v,-124,79,8,1
v,-126,79,8,0
v,-112,79,8,3
v,-120,79,8,2
v,-64,79,8,5
v,-96,79,8,4
v,0,79,8,6
v,-64,87,4,12
v,-96,87,4,13
v,0,87,4,11
v,-127,87,4,18
v,-124,87,4,16
v,-126,87,4,17
v,-112,87,4,14
v,-120,87,4,15
v,-127,105,3,10
v,-121,69,2,0
v,-64,89,8,5
v,0,89,8,6
v,-112,89,8,3
v,-96,89,8,4
v,-127,112,2,2
v,-124,89,8,1
v,-120,89,8,2
v,-124,112,2,0
v,-126,89,8,0
v,-126,112,2,1
v,-96,102,4,13
v,-64,102,4,12
v,0,102,4,11
v,-121,102,4,16
v,-120,102,4,15
v,-112,102,4,14
v,-124,85,7,9
v,127,80,5,11
v,-126,85,7,8
v,-127,85,7,7
v,-64,92,4,12
v,-96,92,4,13
v,-112,92,4,14
v,-120,92,4,15
v,-112,94,5,22
v,-119,94,5,23
v,-128,94,5,24
v,0,92,4,11
v,-64,102,3,4
v,-96,102,3,5
v,-64,94,5,20
v,0,102,3,3
v,-96,94,5,21
v,-124,102,3,8
v,-126,102,3,9
v,-112,102,3,6
v,-124,85,3,8
v,-120,102,3,7
v,-126,85,3,9
v,127,117,5,1
v,-120,85,3,7
v,-112,85,3,6
v,-96,85,3,5
v,-64,85,3,4
v,0,85,3,3
v,127,110,5,8
v,-126,92,4,17
v,-124,92,4,16
v,-127,92,4,18
v,-124,78,8,1
v,-64,90,7,13
v,-120,78,8,2
v,0,90,7,14
v,-126,78,8,0
v,-64,78,8,5
v,0,78,8,6
v,-120,90,7,10
v,-112,78,8,3
v,-112,90,7,11
v,-96,78,8,4
v,-96,90,7,12
v,-112,100,4,14
v,-120,100,4,15
v,-64,100,4,12
v,-96,100,4,13
v,-120,84,7,10
v,-112,84,7,11
v,0,100,4,11
v,-96,84,7,12
v,-64,84,7,13
v,0,84,7,14
v,-128,84,7,15
v,-127,100,4,18
v,-124,100,4,16
v,-126,100,4,17
v,-127,97,6,15
v,-126,97,6,16
v,-124,97,6,17
v,-120,97,6,18
v,-112,97,6,19
v,-127,105,2,2
v,-126,105,2,1
v,-124,105,2,0
v,-120,104,3,7
v,-112,104,3,6
v,-96,104,3,5
v,-64,104,3,4
v,0,104,3,3
v,-126,104,3,9
v,-124,104,3,8
v,-126,85,2,1
v,-127,85,2,2
v,-124,85,2,0
v,-96,97,6,20
v,64,97,6,21
v,-127,65,2,2
v,-126,65,2,1
v,-124,65,2,0
v,-124,89,2,0
v,-120,100,7,10
v,-125,70,2,1
v,-124,70,2,0
v,-127,89,2,2
v,-126,89,2,1
v,-64,60,4,2
v,0,60,4,3
v,-64,92,8,5
v,0,92,8,6
v,-127,90,7,7
v,-112,92,8,3
v,-126,90,7,8
v,-96,92,8,4
v,127,76,5,7
v,-124,90,7,9
v,-112,60,4,0
v,-124,92,8,1
v,0,100,7,14
v,-96,60,4,1
v,-120,92,8,2
v,-64,100,7,13
v,-96,100,7,12
v,-126,92,8,0
v,-112,100,7,11
v,-120,94,7,10
v,-120,98,6,18
v,-112,98,6,19
v,-96,94,7,12
v,-126,98,6,16
v,-112,94,7,11
v,-124,98,6,17
v,0,94,7,14
v,-64,94,7,13
v,-127,98,6,15
v,-127,95,6,15
v,127,75,7,6
v,-126,95,6,16
v,-124,95,6,17
v,-120,95,6,18
v,-112,95,6,19
v,-124,87,6,17
v,-126,87,6,16
v,120,87,6,18
v,-127,88,3,10
v,-127,87,6,15
v,-96,75,3,5
v,127,77,5,8
v,-97,75,3,6
v,0,75,3,3
v,-64,75,3,4
v,127,71,4,2
v,96,98,6,20
v,-128,75,3,8
v,-124,105,7,9
v,-126,105,7,8
v,-127,105,7,7
v,0,59,3,3
v,-63,59,3,4
v,-94,59,3,5
v,-100,59,3,6
v,-124,79,7,9
v,-126,94,3,9
v,127,74,6,5
v,-124,94,3,8
v,-127,79,7,7
v,-120,94,3,7
v,-112,94,3,6
v,-126,79,7,8
v,-96,94,3,5
v,-64,94,3,4
v,0,94,3,3
v,-127,87,3,10
v,127,73,4,4
v,0,89,4,11
v,-96,89,4,13
v,-127,79,3,10
v,-64,89,4,12
v,-120,89,4,15
v,-112,89,4,14
v,-126,89,4,17
v,-124,89,4,16
v,-127,89,4,18
v,-126,73,8,0
v,-124,73,8,1
v,-127,92,3,10
v,-120,73,8,2
v,-112,73,8,3
v,-96,55,4,1
v,-64,79,3,4
v,0,79,3,3
v,-112,55,4,0
v,96,73,8,4
v,-112,79,3,6
v,64,55,4,2
v,-96,79,3,5
v,-124,79,3,8
v,-120,79,3,7
v,-126,79,3,9
v,-126,71,8,0
v,-124,71,8,1
v,120,71,8,2
v,-128,108,6,15
v,127,108,6,10
v,127,114,4,4
v,-113,103,4,15
v,-64,103,4,12
v,127,116,3,2
v,0,103,4,11
v,-127,107,7,7
v,-112,103,4,14
v,-126,107,7,8
v,-96,103,4,13
v,-124,107,7,9
v,0,93,8,6
v,-124,107,3,8
v,64,105,7,13
v,-120,107,3,7
v,-96,105,7,12
v,-112,107,3,6
v,-96,107,3,5
v,-112,105,7,11
v,-126,107,3,9
v,-120,105,7,10
v,-124,93,8,1
v,-126,93,8,0
v,-64,93,8,5
v,-64,107,3,4
v,-96,93,8,4
v,0,107,3,3
v,-112,93,8,3
v,-120,93,8,2
v,0,83,8,6
v,-64,83,8,5
v,-64,93,4,12
v,0,93,4,11
v,-112,93,4,14
v,-96,93,4,13
v,-124,93,4,16
v,-120,93,4,15
v,-127,94,3,10
v,-96,102,8,4
v,-112,102,8,3
v,-120,102,8,2
v,-124,102,8,1
v,127,118,6,0
v,-126,102,8,0
v,-126,93,4,17
v,-127,93,4,18
v,-126,83,8,0
v,-124,83,8,1
v,-120,83,8,2
v,0,102,8,6
v,-112,83,8,3
v,127,112,5,6
v,-64,102,8,5
v,-96,83,8,4
v,127,67,3,0
v,-128,68,8,0
v,-127,88,2,2
v,96,66,4,1
v,-112,66,4,0
v,-124,88,2,0
v,-126,88,2,1
v,0,96,5,19
v,-124,81,3,8
v,-126,81,3,9
v,-112,81,3,6
v,-120,81,3,7
v,127,82,6,13
v,-64,81,3,4
v,-96,81,3,5
v,-120,91,7,10
v,0,81,3,3
v,-112,91,7,11
v,-127,102,6,15
v,-96,91,7,12
v,-64,91,7,13
v,0,91,7,14
v,126,102,6,16
v,0,106,8,6
v,-64,106,8,5
v,-120,106,8,2
v,-64,96,5,20
v,-124,106,8,1
v,-96,96,5,21
v,-96,106,8,4
v,-97,96,5,22
v,-112,106,8,3
v,-126,106,8,0
v,127,86,5,17
v,96,89,6,20
v,-126,81,7,8
v,-124,81,7,9
v,127,99,5,19
v,-127,81,7,7
v,-112,89,6,19
v,-120,89,6,18
v,-124,89,6,17
v,-126,89,6,16
v,-127,89,6,15
v,-112,101,7,11
v,-120,101,7,10
v,127,106,5,12
v,127,69,5,0
v,-127,85,6,15
v,126,85,6,16
v,0,101,7,14
v,-96,101,7,12
v,-64,101,7,13
v,-64,86,4,12
v,0,86,4,11
v,-112,86,4,14
v,-96,86,4,13
v,-124,86,4,16
v,-120,86,4,15
v,-125,86,4,17
v,-127,81,2,2
v,-126,81,2,1
v,-126,101,7,8
v,-127,101,7,7
v,-124,81,2,0
v,-124,101,7,9
v,-124,104,2,0
v,-124,99,7,9
v,0,61,3,3
v,-63,61,3,4
v,-94,61,3,5
v,-100,61,3,6
v,-126,99,7,8
v,-127,99,7,7
v,127,66,3,1
v,-127,95,3,10
v,127,109,5,9
v,-64,97,5,20
v,-65,97,5,21
v,-126,104,8,0
v,-124,104,8,1
v,-120,104,8,2
v,127,83,6,14
v,-112,104,8,3
v,-96,104,8,4
v,-64,104,8,5
v,0,104,8,6
v,0,97,5,19
v,-112,95,7,11
v,-120,95,7,10
v,127,115,3,3
v,-64,95,7,13
v,-124,91,7,9
v,-96,95,7,12
v,0,95,7,14
v,124,109,7,9
v,-126,109,7,8
v,-127,109,7,7
v,127,70,7,1
v,-127,91,7,7
v,-126,91,7,8
v,-127,74,2,2
v,-124,95,7,9
v,-126,74,2,1
v,-127,95,7,7
v,-126,95,7,8
v,-124,74,2,0
v,-127,99,3,10
v,-127,110,2,2
v,-127,94,7,7
v,-124,94,7,9
v,-126,94,7,8
v,-124,110,2,0
v,-126,110,2,1
v,-64,99,3,4
v,0,99,3,3
v,-96,99,3,5
v,-112,99,3,6
v,-120,99,3,7
v,-124,99,3,8
v,-126,99,3,9
v,0,95,3,3
v,-64,95,3,4
v,-96,95,3,5
v,-112,95,3,6
v,-120,95,3,7
v,-124,95,3,8
v,-127,56,2,2
v,-126,56,2,1
v,-126,95,3,9
v,-124,56,2,0
v,-127,100,2,2
v,-126,100,2,1
v,-124,100,2,0
v,-112,54,4,0
v,-124,116,8,1
v,-126,116,8,0
v,127,113,5,5
v,96,54,4,1
v,120,116,8,2
v,-124,73,2,0
v,-126,73,2,1
v,-127,73,2,2
v,127,111,5,7
v,127,72,5,3
v,-126,117,8,0
v,124,117,8,1
v,96,114,8,4
v,-120,114,8,2
v,-112,114,8,3
v,-126,114,8,0
v,-124,114,8,1
v,-124,88,7,9
v,-126,57,2,1
v,-124,57,2,0
v,-126,88,7,8
v,-127,57,2,2
v,-127,88,7,7
v,-126,75,8,0
v,127,78,5,9
v,-124,75,8,1
v,-64,75,8,5
v,-96,75,8,4
v,-112,75,8,3
v,-120,75,8,2
v,127,117,4,1
v,0,75,8,6
v,-127,96,3,10
v,-96,89,3,5
v,-64,89,3,4
v,-120,89,3,7
v,-112,89,3,6
v,-126,89,3,9
v,-124,89,3,8
v,127,76,6,7
v,-127,108,2,2
v,-126,108,2,1
v,-124,108,2,0
v,0,89,3,3
v,-127,102,3,10
v,-127,89,7,7
v,-126,89,7,8
v,-124,89,7,9
v,-124,90,2,0
v,-126,90,2,1
v,-127,90,2,2
v,-112,92,7,11
v,-96,92,7,12
v,-64,92,7,13
v,0,92,7,14
v,-1,89,5,20
v,-120,92,7,10
v,-121,67,2,0
v,-127,104,2,2
v,-126,104,2,1
v,127,118,3,0
v,0,89,5,19
v,-127,113,2,2
v,0,96,4,11
v,-126,113,2,1
v,-124,113,2,0
v,-127,96,4,18
v,-126,96,4,17
v,127,110,6,8
v,-124,96,4,16
v,-120,96,4,15
v,-112,96,4,14
v,-96,96,4,13
v,-64,96,4,12
